0,1,790,62,278,130,-1
0,2,696,64,274,129,-1
0,3,361,70,384,139,-1
0,4,602,62,270,136,-1
0,5,914,63,284,145,-1
0,6,849,66,305,166,-1
0,7,236,58,396,175,-1
0,8,812,42,207,121,-1
0,9,747,78,295,132,-1
0,10,1140,39,153,85,-1
0,11,1250,30,155,88,-1
0,12,1109,31,130,75,-1
0,13,934,37,118,67,-1
0,14,415,68,290,136,-1
0,15,73,70,506,157,-1
0,16,530,79,296,134,-1
0,17,1097,97,554,155,-1
0,18,1084,30,141,68,-1
0,19,633,29,105,67,-1
0,20,737,41,234,103,-1
0,21,596,23,110,58,-1
0,22,967,33,110,59,-1
0,23,806,40,133,74,-1
0,24,784,43,139,66,-1
0,25,916,28,72,52,-1
0,26,1152,13,81,62,-1
0,27,583,23,73,53,-1
0,28,635,28,65,42,-1
0,29,1054,25,66,45,-1
0,30,864,13,66,42,-1
0,31,838,17,56,45,-1
0,32,1146,23,53,40,-1
0,33,608,14,69,44,-1
1,1,788,63,282,127,-1
1,2,691,64,274,138,-1
1,3,356,70,384,145,-1
1,4,602,57,270,136,-1
1,5,916,63,283,145,-1
1,6,852,69,307,166,-1
1,7,214,50,395,176,-1
1,8,807,42,216,101,-1
1,9,743,83,295,132,-1
1,10,1140,39,153,85,-1
1,11,1250,30,155,88,-1
1,12,1109,31,130,75,-1
1,13,938,41,119,73,-1
1,14,415,74,290,149,-1
1,15,80,70,499,179,-1
1,16,530,86,300,149,-1
1,17,1097,106,558,166,-1
1,18,1084,32,141,74,-1
1,19,628,31,106,73,-1
1,20,737,44,234,113,-1
1,21,591,25,109,65,-1
1,22,967,36,110,65,-1
1,23,815,43,133,80,-1
1,24,797,41,139,72,-1
1,25,916,35,74,53,-1
1,26,1143,24,81,67,-1
1,27,583,25,73,58,-1
1,28,635,30,65,46,-1
1,29,1050,28,66,49,-1
1,30,856,19,65,48,-1
1,31,838,18,56,49,-1
1,32,1149,25,53,43,-1
1,33,606,16,70,48,-1
2,1,789,61,283,136,-1
2,2,686,70,275,148,-1
2,3,349,77,386,158,-1
2,4,594,70,270,151,-1
2,5,915,73,283,158,-1
2,6,856,83,308,181,-1
2,7,205,55,396,187,-1
2,8,807,46,216,110,-1
2,9,743,90,299,139,-1
2,10,1142,42,154,92,-1
2,11,1250,32,158,92,-1
2,12,1109,34,130,82,-1
2,13,938,41,119,73,-1
2,14,415,74,290,149,-1
2,15,80,70,499,179,-1
2,16,530,86,301,146,-1
2,17,1097,106,558,166,-1
2,18,1084,32,141,73,-1
2,19,623,24,108,70,-1
2,20,737,44,239,113,-1
2,21,584,32,109,67,-1
2,22,956,36,109,65,-1
2,23,837,25,130,83,-1
2,24,817,24,137,72,-1
2,25,920,35,74,53,-1
2,26,1135,34,90,56,-1
2,27,583,25,73,58,-1
2,28,647,22,60,50,-1
2,29,1050,28,66,49,-1
2,30,851,19,67,48,-1
2,31,838,18,56,49,-1
2,32,1150,25,53,43,-1
2,33,601,23,71,48,-1
3,1,779,72,282,138,-1
3,2,686,70,274,150,-1
3,3,342,77,386,158,-1
3,4,593,71,270,156,-1
3,5,915,80,283,158,-1
3,6,865,83,308,180,-1
3,7,191,73,399,192,-1
3,8,807,46,216,110,-1
3,9,737,90,296,149,-1
3,10,1143,42,150,92,-1
3,12,1109,34,130,83,-1
3,13,943,40,121,73,-1
3,14,415,74,290,150,-1
3,15,76,73,502,178,-1
3,16,530,86,301,146,-1
3,17,1097,106,558,166,-1
3,18,1071,46,141,73,-1
3,19,619,24,106,71,-1
3,20,737,44,239,113,-1
3,21,578,36,108,72,-1
3,22,952,36,110,65,-1
3,23,842,25,129,83,-1
3,24,819,31,140,71,-1
3,25,926,28,75,53,-1
3,26,1133,34,90,56,-1
3,27,583,25,73,58,-1
3,28,649,19,61,50,-1
3,29,1048,28,65,49,-1
3,30,851,23,65,46,-1
3,31,838,18,58,47,-1
3,32,1154,25,56,43,-1
3,33,597,23,73,48,-1
4,1,780,68,281,146,-1
4,2,686,70,273,151,-1
4,3,324,96,385,162,-1
4,4,586,70,278,146,-1
4,5,917,80,282,158,-1
4,6,865,83,298,191,-1
4,7,155,113,399,191,-1
4,8,807,46,216,110,-1
4,9,737,90,296,154,-1
4,10,1148,36,150,92,-1
4,12,1109,34,130,83,-1
4,13,943,42,121,73,-1
4,14,408,74,289,154,-1
4,15,76,73,502,178,-1
4,16,530,86,301,146,-1
4,17,1097,106,558,166,-1
4,18,1069,48,141,73,-1
4,19,614,25,105,74,-1
4,20,733,44,240,113,-1
4,21,573,36,109,72,-1
4,22,946,36,109,65,-1
4,23,848,25,129,83,-1
4,24,817,42,139,72,-1
4,25,931,28,72,53,-1
4,26,1129,34,91,56,-1
4,27,583,25,73,58,-1
4,28,652,19,62,50,-1
4,29,1043,28,64,49,-1
4,30,847,14,65,50,-1
4,31,841,18,58,47,-1
4,32,1159,25,58,43,-1
4,33,592,23,72,48,-1
5,1,778,68,282,146,-1
5,2,684,70,279,152,-1
5,3,318,96,385,155,-1
5,4,578,78,275,149,-1
5,5,917,80,282,158,-1
5,6,865,83,298,191,-1
5,8,805,46,219,110,-1
5,9,733,90,299,149,-1
5,10,1148,36,151,91,-1
5,12,1109,34,130,83,-1
5,13,948,42,123,73,-1
5,14,402,74,298,152,-1
5,15,69,73,506,178,-1
5,16,530,86,301,146,-1
5,17,1097,106,558,166,-1
5,18,1075,43,137,73,-1
5,19,604,32,106,72,-1
5,20,733,44,240,113,-1
5,21,576,24,115,61,-1
5,22,942,36,107,65,-1
5,23,845,44,130,82,-1
5,24,823,42,139,72,-1
5,25,945,18,72,55,-1
5,26,1127,22,90,55,-1
5,27,583,25,73,58,-1
5,28,660,20,62,49,-1
5,29,1041,28,64,49,-1
5,30,843,14,67,50,-1
5,31,841,18,58,47,-1
5,32,1159,25,58,43,-1
5,33,585,23,71,48,-1
6,1,769,73,286,137,-1
6,2,684,70,279,156,-1
6,3,314,96,387,168,-1
6,4,583,70,278,149,-1
6,5,922,80,282,158,-1
6,6,873,83,295,191,-1
6,7,146,106,400,192,-1
6,8,805,46,219,110,-1
6,9,730,90,303,149,-1
6,10,1152,36,151,91,-1
6,12,1109,34,130,83,-1
6,13,952,42,124,76,-1
6,14,403,68,298,152,-1
6,15,69,73,506,178,-1
6,16,530,86,301,146,-1
6,17,1097,106,558,166,-1
6,18,1088,30,137,73,-1
6,19,599,32,106,72,-1
6,20,733,44,240,113,-1
6,21,570,24,110,62,-1
6,22,942,36,109,62,-1
6,23,852,44,132,82,-1
6,24,823,49,138,72,-1
6,25,948,18,72,55,-1
6,26,1124,20,90,67,-1
6,27,583,25,73,58,-1
6,28,664,20,61,49,-1
6,29,1038,28,64,49,-1
6,30,842,12,68,50,-1
6,31,841,18,58,47,-1
6,32,1161,25,53,43,-1
6,33,585,23,71,48,-1
7,1,763,76,289,139,-1
7,2,681,70,282,150,-1
7,3,310,96,390,168,-1
7,4,579,70,277,149,-1
7,5,922,80,277,157,-1
7,6,873,83,295,191,-1
7,7,132,108,404,192,-1
7,8,805,46,219,110,-1
7,9,727,90,306,149,-1
7,10,1152,36,151,91,-1
7,12,1109,34,130,83,-1
7,13,954,37,123,73,-1
7,14,399,68,298,152,-1
7,15,61,79,504,179,-1
7,16,530,86,300,156,-1
7,17,1097,106,558,166,-1
7,18,1084,30,135,74,-1
7,19,594,40,106,72,-1
7,20,733,44,240,113,-1
7,21,566,24,110,62,-1
7,22,936,34,110,65,-1
7,23,859,44,132,82,-1
7,24,833,44,140,71,-1
7,25,953,18,74,55,-1
7,26,1118,20,90,67,-1
7,27,583,25,73,58,-1
7,28,667,20,61,49,-1
7,29,1036,28,64,52,-1
7,30,836,19,66,49,-1
7,31,843,18,58,47,-1
7,32,1165,25,55,44,-1
7,33,578,23,77,48,-1
8,1,764,70,289,139,-1
8,2,672,78,283,156,-1
8,3,304,96,390,168,-1
8,4,576,70,278,149,-1
8,5,927,73,276,157,-1
8,6,878,83,295,190,-1
8,8,801,46,219,110,-1
8,9,727,90,306,149,-1
8,10,1155,36,151,91,-1
8,12,1109,34,130,83,-1
8,13,960,32,124,73,-1
8,14,399,67,298,152,-1
8,15,61,79,504,179,-1
8,16,530,86,305,156,-1
8,17,1097,106,558,166,-1
8,18,1084,30,135,74,-1
8,19,595,32,106,73,-1
8,20,722,56,240,113,-1
8,21,562,24,111,62,-1
8,22,931,34,109,67,-1
8,23,866,34,130,83,-1
8,24,857,26,138,71,-1
8,25,944,35,75,56,-1
8,26,1114,20,90,67,-1
8,27,583,25,73,58,-1
8,28,671,20,64,49,-1
8,29,1033,28,65,52,-1
8,30,825,29,66,47,-1
8,31,846,22,56,52,-1
8,32,1165,25,56,46,-1
8,33,575,23,75,48,-1
8,7,125,77,404,190,-1
9,1,757,77,288,139,-1
9,2,672,78,283,156,-1
9,3,311,83,392,167,-1
9,4,573,70,280,149,-1
9,5,932,68,277,156,-1
9,6,884,83,294,190,-1
9,8,799,46,222,110,-1
9,9,725,90,310,145,-1
9,10,1158,36,151,91,-1
9,12,1109,34,130,83,-1
9,13,962,35,123,76,-1
9,14,394,72,298,152,-1
9,15,53,85,506,179,-1
9,16,530,86,305,156,-1
9,17,1097,106,558,166,-1
9,18,1084,30,135,74,-1
9,19,590,32,106,73,-1
9,20,720,53,242,113,-1
9,21,555,29,110,62,-1
9,22,930,22,109,67,-1
9,23,873,34,130,83,-1
9,24,863,26,138,71,-1
9,25,949,35,74,56,-1
9,26,1107,34,91,59,-1
9,27,583,25,73,58,-1
9,28,674,16,61,49,-1
9,29,1030,28,65,52,-1
9,30,818,35,68,47,-1
9,31,846,22,54,53,-1
9,32,1167,25,56,46,-1
9,33,569,23,78,48,-1
9,7,112,88,405,191,-1
10,1,757,77,288,139,-1
10,2,666,78,283,156,-1
10,3,308,83,396,167,-1
10,4,568,70,280,154,-1
10,5,936,68,276,156,-1
10,6,891,83,296,168,-1
10,8,799,46,222,110,-1
10,9,725,90,310,145,-1
10,10,1158,36,151,91,-1
10,12,1109,34,130,83,-1
10,13,962,35,123,76,-1
10,14,394,72,298,152,-1
10,15,55,71,508,174,-1
10,16,530,86,305,156,-1
10,17,1097,106,558,166,-1
10,18,1075,35,136,74,-1
10,19,586,24,106,76,-1
10,20,720,53,242,113,-1
10,21,554,29,110,62,-1
10,22,924,22,108,67,-1
10,23,895,20,132,79,-1
10,24,858,37,135,79,-1
10,25,954,30,73,56,-1
10,26,1101,34,91,59,-1
10,27,583,25,73,58,-1
10,28,677,16,60,49,-1
10,29,1025,31,66,49,-1
10,30,822,25,67,48,-1
10,31,846,22,53,53,-1
10,32,1171,25,57,46,-1
10,33,562,23,75,48,-1
10,7,109,55,409,200,-1
11,1,751,77,291,143,-1
11,2,663,78,284,152,-1
11,3,302,83,396,163,-1
11,4,568,70,280,156,-1
11,5,944,68,274,156,-1
11,6,897,83,297,168,-1
11,8,791,46,221,113,-1
11,9,723,90,310,148,-1
11,10,1159,36,149,92,-1
11,12,1104,34,125,84,-1
11,13,970,37,122,78,-1
11,14,394,72,298,152,-1
11,16,530,86,305,156,-1
11,17,1097,106,558,166,-1
11,18,1069,42,136,72,-1
11,19,583,24,107,74,-1
11,20,717,53,244,113,-1
11,21,548,29,110,62,-1
11,22,906,40,110,66,-1
11,23,898,25,128,84,-1
11,24,860,47,142,71,-1
11,25,960,30,73,56,-1
11,26,1101,34,91,59,-1
11,27,583,25,73,58,-1
11,28,677,16,60,49,-1
11,29,1022,31,66,49,-1
11,30,821,22,67,48,-1
11,31,850,22,52,53,-1
11,32,1177,19,57,46,-1
11,33,557,23,71,48,-1
11,7,95,62,417,187,-1
11,15,52,71,505,176,-1
12,1,751,77,291,143,-1
12,2,664,71,284,157,-1
12,3,300,78,399,166,-1
12,4,566,67,286,156,-1
12,5,944,68,274,156,-1
12,6,898,83,292,169,-1
12,8,791,46,221,113,-1
12,9,723,90,310,146,-1
12,10,1160,36,147,92,-1
12,12,1104,34,125,84,-1
12,13,970,37,122,78,-1
12,14,388,72,305,151,-1
12,16,530,86,305,156,-1
12,17,1097,106,559,164,-1
12,18,1066,44,136,72,-1
12,19,578,24,107,74,-1
12,20,717,53,244,113,-1
12,21,548,29,110,62,-1
12,22,906,40,110,66,-1
12,23,895,43,129,86,-1
12,24,868,42,142,70,-1
12,25,971,18,73,55,-1
12,26,1099,36,90,60,-1
12,27,583,25,73,58,-1
12,28,684,16,62,49,-1
12,29,1022,28,66,49,-1
12,30,822,11,67,48,-1
12,31,848,22,53,53,-1
12,32,1183,19,57,43,-1
12,33,557,23,71,48,-1
12,7,79,62,418,187,-1
12,15,47,71,506,175,-1
13,1,754,66,297,140,-1
13,2,653,82,284,157,-1
13,3,291,78,403,166,-1
13,4,566,67,286,156,-1
13,5,951,68,268,156,-1
13,6,898,83,293,167,-1
13,8,791,46,221,113,-1
13,9,714,90,310,150,-1
13,10,1163,36,148,92,-1
13,12,1104,34,125,84,-1
13,13,977,38,124,76,-1
13,14,388,72,305,151,-1
13,16,530,86,307,167,-1
13,17,1097,106,559,164,-1
13,18,1064,47,136,72,-1
13,19,573,26,109,74,-1
13,20,711,53,243,113,-1
13,21,545,29,112,62,-1
13,22,905,29,111,66,-1
13,23,899,43,132,85,-1
13,24,874,42,141,70,-1
13,25,972,23,75,54,-1
13,26,1093,20,92,58,-1
13,27,583,25,72,58,-1
13,28,683,31,60,48,-1
13,29,1019,28,65,49,-1
13,30,817,11,68,48,-1
13,31,853,22,51,53,-1
13,32,1183,19,57,43,-1
13,33,545,23,74,48,-1
13,15,38,73,507,175,-1
13,34,1237,41,208,113,-1
13,7,51,79,422,187,-1
14,1,751,66,296,140,-1
14,2,650,76,291,149,-1
14,3,287,72,405,158,-1
14,4,563,64,289,156,-1
14,5,951,68,268,152,-1
14,6,902,86,286,175,-1
14,8,788,46,224,113,-1
14,9,714,90,310,150,-1
14,10,1164,36,149,92,-1
14,12,1104,34,125,84,-1
14,13,977,38,124,76,-1
14,14,388,72,305,151,-1
14,16,529,86,315,156,-1
14,17,1097,106,559,164,-1
14,18,1058,53,131,78,-1
14,19,569,26,108,74,-1
14,20,711,53,243,113,-1
14,22,900,29,108,66,-1
14,23,902,48,134,83,-1
14,24,897,25,140,68,-1
14,25,972,30,76,54,-1
14,26,1089,24,92,53,-1
14,27,583,25,72,58,-1
14,28,687,31,61,48,-1
14,29,1015,28,67,49,-1
14,30,809,18,68,47,-1
14,31,854,22,50,53,-1
14,32,1183,19,57,44,-1
14,15,25,92,505,176,-1
14,34,1233,41,211,118,-1
14,7,41,77,425,192,-1
15,1,751,66,295,156,-1
15,2,650,76,291,149,-1
15,3,275,79,404,158,-1
15,4,562,56,290,156,-1
15,5,958,68,269,152,-1
15,6,902,86,286,175,-1
15,8,788,46,224,113,-1
15,9,707,90,310,150,-1
15,10,1169,36,148,92,-1
15,12,1104,34,125,84,-1
15,13,983,38,126,76,-1
15,14,388,72,305,151,-1
15,16,526,86,320,156,-1
15,17,1097,106,559,164,-1
15,18,1064,44,128,80,-1
15,19,564,26,107,77,-1
15,20,711,53,243,113,-1
15,22,897,29,109,66,-1
15,23,911,42,133,82,-1
15,24,903,29,136,68,-1
15,25,979,30,76,54,-1
15,26,1082,29,92,52,-1
15,27,583,25,72,58,-1
15,28,685,31,61,50,-1
15,29,1015,28,67,49,-1
15,30,802,25,68,47,-1
15,31,853,22,54,53,-1
15,32,1188,19,58,44,-1
15,15,22,92,505,176,-1
15,34,1222,58,215,118,-1
15,7,47,52,424,192,-1
16,1,746,66,297,156,-1
16,2,644,76,293,151,-1
16,3,264,79,402,166,-1
16,4,562,56,290,156,-1
16,5,958,68,269,152,-1
16,6,909,89,283,175,-1
16,8,788,46,224,110,-1
16,9,707,90,310,150,-1
16,10,1169,36,148,92,-1
16,12,1104,34,125,84,-1
16,13,983,38,126,76,-1
16,14,388,72,305,151,-1
16,16,526,86,320,154,-1
16,17,1097,106,559,164,-1
16,18,1064,44,128,80,-1
16,19,559,26,109,77,-1
16,20,704,53,248,113,-1
16,22,893,29,110,66,-1
16,23,928,29,133,78,-1
16,24,898,41,137,73,-1
16,25,978,29,74,54,-1
16,26,1082,29,92,52,-1
16,27,583,25,72,58,-1
16,28,692,25,62,50,-1
16,29,1011,28,67,49,-1
16,30,796,25,67,47,-1
16,31,856,23,53,50,-1
16,32,1194,19,57,44,-1
16,15,12,79,503,178,-1
16,34,1215,58,216,115,-1
16,7,35,52,427,192,-1
17,1,746,66,297,156,-1
17,2,639,76,293,151,-1
17,3,254,84,400,169,-1
17,4,557,56,292,156,-1
17,5,958,68,269,152,-1
17,6,912,89,281,175,-1
17,8,786,46,225,110,-1
17,9,707,90,310,150,-1
17,10,1174,36,148,92,-1
17,12,1104,34,125,84,-1
17,13,987,38,127,76,-1
17,14,388,72,305,151,-1
17,16,522,86,324,155,-1
17,17,1097,106,559,164,-1
17,18,1064,44,128,80,-1
17,19,553,26,110,68,-1
17,20,704,53,248,113,-1
17,22,882,30,109,67,-1
17,23,936,29,130,84,-1
17,24,903,41,138,73,-1
17,25,984,29,74,54,-1
17,26,1076,26,94,52,-1
17,27,583,25,72,58,-1
17,28,694,25,66,50,-1
17,29,1007,28,69,49,-1
17,30,796,25,67,47,-1
17,31,858,23,52,50,-1
17,32,1194,19,57,44,-1
17,15,4,56,506,178,-1
17,34,1211,58,213,115,-1
17,7,15,78,429,192,-1
18,1,740,66,298,156,-1
18,2,637,76,296,149,-1
18,3,245,84,406,169,-1
18,4,557,56,292,156,-1
18,5,967,68,268,152,-1
18,6,913,89,278,175,-1
18,8,786,46,225,110,-1
18,9,702,90,316,150,-1
18,10,1174,36,148,92,-1
18,12,1104,34,125,84,-1
18,13,993,38,123,84,-1
18,14,388,72,304,158,-1
18,16,522,86,324,155,-1
18,17,1097,106,559,164,-1
18,18,1064,44,128,80,-1
18,19,550,30,109,73,-1
18,20,704,53,248,113,-1
18,22,877,30,111,67,-1
18,23,940,34,136,77,-1
18,24,904,50,143,66,-1
18,25,986,29,73,54,-1
18,26,1073,26,92,52,-1
18,27,583,25,72,58,-1
18,28,697,25,59,50,-1
18,29,1005,28,68,49,-1
18,30,798,16,72,41,-1
18,31,858,23,52,50,-1
18,32,1194,19,57,44,-1
18,34,1205,54,212,116,-1
18,7,1,112,434,193,-1
19,1,735,68,301,156,-1
19,2,635,76,301,149,-1
19,3,235,84,408,179,-1
19,4,543,56,295,156,-1
19,5,971,68,265,152,-1
19,6,913,89,278,175,-1
19,8,786,46,226,109,-1
19,9,702,90,316,150,-1
19,10,1180,30,148,92,-1
19,12,1104,34,125,84,-1
19,13,993,38,123,84,-1
19,14,388,72,304,158,-1
19,16,522,86,324,155,-1
19,17,1097,106,559,164,-1
19,18,1050,60,135,72,-1
19,20,704,53,248,113,-1
19,22,877,30,111,67,-1
19,23,940,44,133,82,-1
19,24,917,36,142,70,-1
19,25,992,29,74,54,-1
19,26,1067,26,92,52,-1
19,27,583,25,72,58,-1
19,28,699,25,60,50,-1
19,29,1001,28,69,49,-1
19,30,791,16,68,41,-1
19,31,860,23,54,50,-1
19,32,1199,19,55,44,-1
19,34,1200,54,214,116,-1
20,1,735,68,301,156,-1
20,2,632,76,296,161,-1
20,3,224,84,410,179,-1
20,4,529,76,295,156,-1
20,5,975,68,264,146,-1
20,6,914,89,276,175,-1
20,8,786,46,226,109,-1
20,9,702,90,315,160,-1
20,10,1184,30,148,94,-1
20,12,1104,34,125,84,-1
20,13,996,46,128,78,-1
20,14,377,72,321,156,-1
20,16,510,100,324,155,-1
20,17,1097,106,559,164,-1
20,18,1051,59,135,72,-1
20,20,697,53,252,113,-1
20,22,875,22,110,67,-1
20,23,947,44,134,82,-1
20,24,933,25,139,73,-1
20,25,995,29,80,54,-1
20,26,1061,26,91,52,-1
20,27,583,25,72,58,-1
20,28,702,32,59,49,-1
20,29,996,28,69,49,-1
20,30,787,16,67,48,-1
20,31,866,22,58,48,-1
20,32,1204,19,59,44,-1
20,34,1194,54,213,115,-1
21,1,728,70,304,148,-1
21,2,624,76,298,163,-1
21,3,223,84,411,170,-1
21,4,517,82,294,156,-1
21,5,983,64,267,148,-1
21,6,914,89,282,168,-1
21,8,779,46,229,110,-1
21,9,700,90,323,157,-1
21,10,1183,31,147,86,-1
21,12,1098,34,126,79,-1
21,13,997,46,126,78,-1
21,14,380,78,321,156,-1
21,16,510,92,324,155,-1
21,17,1097,106,559,164,-1
21,18,1059,50,135,72,-1
21,20,697,53,252,113,-1
21,22,871,22,108,66,-1
21,23,959,40,132,82,-1
21,24,939,30,137,73,-1
21,25,1000,29,73,54,-1
21,26,1057,30,91,55,-1
21,27,583,25,72,58,-1
21,28,707,32,66,49,-1
21,29,999,23,65,52,-1
21,30,776,34,67,46,-1
21,31,869,22,57,48,-1
21,32,1207,19,62,49,-1
21,34,1187,54,215,115,-1
21,35,554,20,79,50,-1
22,1,728,70,304,148,-1
22,2,624,76,298,163,-1
22,3,209,84,413,170,-1
22,4,517,82,294,156,-1
22,5,993,56,264,148,-1
22,6,914,89,282,168,-1
22,8,779,46,229,110,-1
22,9,700,90,323,157,-1
22,10,1189,31,147,86,-1
22,12,1098,34,126,79,-1
22,13,1003,46,130,78,-1
22,14,380,78,321,156,-1
22,16,510,92,324,155,-1
22,17,1097,106,559,164,-1
22,18,1072,36,135,72,-1
22,20,697,53,252,113,-1
22,22,864,22,106,72,-1
22,23,962,40,134,82,-1
22,24,944,32,138,76,-1
22,25,1000,29,73,54,-1
22,26,1052,30,89,55,-1
22,27,583,25,72,58,-1
22,28,707,32,66,49,-1
22,29,998,23,67,52,-1
22,30,771,34,69,46,-1
22,31,869,22,57,48,-1
22,32,1207,19,62,49,-1
22,34,1182,54,214,116,-1
22,35,554,20,79,50,-1
23,1,728,70,304,148,-1
23,2,621,76,299,163,-1
23,3,204,84,409,173,-1
23,4,517,82,294,156,-1
23,5,992,68,261,146,-1
23,6,915,88,282,168,-1
23,8,779,46,229,110,-1
23,9,700,90,323,157,-1
23,10,1194,31,146,86,-1
23,12,1098,34,126,79,-1
23,13,1014,38,124,84,-1
23,14,380,78,321,156,-1
23,16,506,92,329,155,-1
23,17,1097,106,559,164,-1
23,18,1072,36,135,72,-1
23,20,689,53,256,113,-1
23,22,850,36,106,72,-1
23,23,976,31,133,82,-1
23,24,947,32,137,76,-1
23,25,1005,29,73,54,-1
23,26,1046,30,90,55,-1
23,27,583,25,72,58,-1
23,28,712,32,63,49,-1
23,29,992,23,68,52,-1
23,30,771,34,69,46,-1
23,31,871,22,62,42,-1
23,32,1213,19,66,49,-1
23,34,1173,54,215,116,-1
23,35,554,20,79,50,-1
24,1,721,82,304,154,-1
24,2,610,86,299,163,-1
24,3,193,84,409,172,-1
24,4,509,82,299,156,-1
24,5,997,68,260,146,-1
24,6,922,78,276,168,-1
24,8,772,46,233,109,-1
24,9,693,90,326,156,-1
24,10,1196,30,146,86,-1
24,12,1096,34,125,79,-1
24,13,1016,38,124,84,-1
24,14,373,85,321,156,-1
24,16,508,92,330,155,-1
24,17,1097,106,559,164,-1
24,18,1058,47,131,72,-1
24,20,689,53,256,113,-1
24,22,839,42,110,68,-1
24,23,984,29,133,82,-1
24,24,948,36,141,71,-1
24,25,1011,29,77,50,-1
24,26,1042,30,92,55,-1
24,27,583,25,72,58,-1
24,28,713,32,61,49,-1
24,29,992,23,68,50,-1
24,30,770,25,73,42,-1
24,31,873,22,59,42,-1
24,32,1216,19,57,49,-1
24,34,1168,56,217,116,-1
24,35,554,20,77,50,-1
25,1,722,82,309,148,-1
25,2,610,86,299,163,-1
25,3,190,84,412,172,-1
25,4,509,82,299,156,-1
25,5,997,74,256,152,-1
25,6,922,78,276,168,-1
25,8,772,46,233,109,-1
25,9,693,90,326,156,-1
25,10,1200,30,145,86,-1
25,12,1096,34,125,79,-1
25,13,1020,38,124,86,-1
25,14,373,85,321,156,-1
25,16,508,92,330,155,-1
25,17,1097,106,559,164,-1
25,18,1055,50,131,72,-1
25,20,689,53,256,113,-1
25,22,839,42,110,68,-1
25,23,988,40,136,80,-1
25,24,955,36,140,71,-1
25,25,1018,29,74,50,-1
25,26,1039,23,89,54,-1
25,27,583,25,72,58,-1
25,28,729,16,63,46,-1
25,29,991,23,68,50,-1
25,30,768,25,72,42,-1
25,31,875,22,63,42,-1
25,32,1217,19,55,49,-1
25,34,1161,56,217,118,-1
25,35,554,20,77,50,-1
26,1,713,82,310,148,-1
26,2,602,86,308,154,-1
26,3,176,84,419,164,-1
26,4,491,101,299,156,-1
26,5,997,74,256,152,-1
26,6,923,89,272,164,-1
26,8,772,46,233,107,-1
26,9,689,90,334,156,-1
26,10,1202,30,145,86,-1
26,12,1096,34,125,79,-1
26,13,1027,38,128,86,-1
26,14,372,85,325,156,-1
26,16,508,92,330,156,-1
26,17,1097,106,559,164,-1
26,18,1052,53,131,72,-1
26,20,689,53,256,113,-1
26,22,843,31,111,66,-1
26,23,993,40,134,80,-1
26,24,971,25,140,72,-1
26,25,1018,29,74,50,-1
26,26,1036,22,91,56,-1
26,27,583,25,72,58,-1
26,28,735,16,64,46,-1
26,29,983,22,68,50,-1
26,30,770,11,72,42,-1
26,31,875,22,61,42,-1
26,32,1217,19,55,49,-1
26,34,1157,56,218,118,-1
26,35,554,20,77,50,-1
27,1,713,82,310,148,-1
27,2,602,79,308,163,-1
27,3,165,86,418,164,-1
27,4,491,94,298,156,-1
27,5,996,85,249,163,-1
27,6,923,89,272,164,-1
27,8,767,46,232,107,-1
27,9,685,90,336,156,-1
27,10,1203,32,147,86,-1
27,12,1096,34,125,79,-1
27,13,1027,38,128,86,-1
27,14,372,85,325,156,-1
27,16,504,92,334,156,-1
27,17,1097,106,559,164,-1
27,18,1054,52,131,72,-1
27,20,680,53,257,113,-1
27,22,839,22,110,68,-1
27,23,994,48,134,77,-1
27,24,972,31,140,74,-1
27,25,1018,29,73,50,-1
27,26,1036,22,91,56,-1
27,27,583,25,72,58,-1
27,28,735,25,55,60,-1
27,29,984,22,66,50,-1
27,30,763,13,69,43,-1
27,31,880,22,58,42,-1
27,32,1222,19,59,49,-1
27,34,1149,56,216,122,-1
27,35,556,20,76,50,-1
28,1,708,82,310,148,-1
28,2,593,79,308,163,-1
28,3,153,86,420,164,-1
28,4,485,94,302,156,-1
28,5,999,85,251,163,-1
28,6,932,79,272,164,-1
28,8,767,46,232,108,-1
28,9,685,90,337,150,-1
28,10,1206,32,147,86,-1
28,12,1095,34,125,79,-1
28,13,1032,38,130,83,-1
28,14,372,85,325,156,-1
28,16,504,92,333,162,-1
28,17,1097,106,559,164,-1
28,18,1054,52,131,72,-1
28,20,680,53,257,113,-1
28,22,836,22,109,68,-1
28,23,1004,42,130,83,-1
28,24,975,31,139,74,-1
28,25,1029,29,76,50,-1
28,26,1026,22,94,56,-1
28,27,583,25,72,58,-1
28,28,744,16,61,52,-1
28,29,981,22,69,50,-1
28,30,763,13,69,43,-1
28,31,876,22,59,42,-1
28,32,1221,19,62,49,-1
28,34,1143,56,215,122,-1
28,35,556,20,76,50,-1
29,1,708,73,311,148,-1
29,2,593,79,308,163,-1
29,3,138,86,421,163,-1
29,4,485,94,302,156,-1
29,5,1003,85,251,149,-1
29,6,936,79,271,164,-1
29,8,767,46,232,108,-1
29,9,681,90,337,150,-1
29,10,1209,32,145,86,-1
29,12,1095,34,125,79,-1
29,13,1032,38,131,80,-1
29,14,372,85,325,156,-1
29,16,504,92,333,162,-1
29,17,1097,106,559,164,-1
29,18,1054,52,131,72,-1
29,20,680,53,257,113,-1
29,22,828,22,110,67,-1
29,23,1019,30,129,83,-1
29,24,982,31,137,74,-1
29,25,1029,31,75,55,-1
29,26,1023,22,90,56,-1
29,27,583,25,72,58,-1
29,28,744,16,61,52,-1
29,29,979,22,68,50,-1
29,30,754,13,68,43,-1
29,31,881,22,60,42,-1
29,32,1227,19,56,49,-1
29,34,1138,56,217,124,-1
29,35,556,20,76,50,-1
30,1,704,73,312,148,-1
30,2,591,79,307,163,-1
30,3,129,86,421,163,-1
30,4,491,73,302,156,-1
30,5,1009,85,252,144,-1
30,6,936,79,271,164,-1
30,8,767,46,232,108,-1
30,9,676,90,332,152,-1
30,10,1209,32,145,86,-1
30,12,1095,34,125,79,-1
30,13,1038,38,132,79,-1
30,14,373,78,325,156,-1
30,16,496,92,335,164,-1
30,17,1097,106,559,164,-1
30,18,1054,52,131,72,-1
30,20,677,53,263,113,-1
30,22,816,31,110,68,-1
30,23,1025,30,128,84,-1
30,24,986,31,137,74,-1
30,25,1033,31,77,55,-1
30,26,1017,22,89,56,-1
30,27,583,25,72,58,-1
30,28,749,16,72,52,-1
30,29,973,24,70,49,-1
30,30,754,13,68,43,-1
30,31,884,22,58,42,-1
30,32,1229,19,66,49,-1
30,34,1133,48,219,120,-1
30,35,556,20,76,50,-1
31,1,704,73,311,155,-1
31,2,587,79,308,164,-1
31,3,118,86,426,162,-1
31,4,494,65,303,179,-1
31,5,1029,71,250,144,-1
31,6,940,79,265,160,-1
31,8,767,46,236,108,-1
31,9,669,90,327,152,-1
31,10,1215,32,142,86,-1
31,12,1096,34,124,79,-1
31,13,1043,38,129,83,-1
31,14,376,78,329,164,-1
31,16,496,92,338,161,-1
31,17,1097,106,559,164,-1
31,18,1054,52,131,72,-1
31,20,677,53,263,113,-1
31,22,812,31,108,68,-1
31,23,1030,30,132,84,-1
31,24,996,26,139,74,-1
31,25,1037,31,75,55,-1
31,26,1010,22,90,56,-1
31,27,583,25,72,58,-1
31,28,748,20,70,46,-1
31,29,969,24,70,49,-1
31,30,756,13,62,43,-1
31,31,888,22,56,42,-1
31,32,1238,19,56,49,-1
31,34,1123,53,218,120,-1
31,35,556,20,76,50,-1
32,1,697,73,319,148,-1
32,2,584,79,311,164,-1
32,3,111,86,427,162,-1
32,4,487,74,309,163,-1
32,5,1037,68,245,150,-1
32,6,940,79,265,160,-1
32,8,764,46,233,108,-1
32,9,665,84,328,174,-1
32,10,1218,32,141,86,-1
32,12,1096,34,124,79,-1
32,13,1045,38,128,83,-1
32,14,374,78,330,164,-1
32,16,496,92,338,161,-1
32,17,1097,106,559,164,-1
32,18,1054,52,131,72,-1
32,20,670,53,266,113,-1
32,22,812,22,111,66,-1
32,23,1038,38,133,83,-1
32,24,999,26,139,74,-1
32,25,1047,18,75,52,-1
32,26,1010,22,90,56,-1
32,27,583,25,72,58,-1
32,28,743,20,72,46,-1
32,29,968,24,70,49,-1
32,30,760,13,67,43,-1
32,31,892,22,52,42,-1
32,32,1240,19,62,49,-1
32,34,1120,55,220,115,-1
32,35,556,20,76,50,-1
33,1,689,73,320,148,-1
33,2,584,79,315,161,-1
33,3,96,84,429,172,-1
33,4,483,74,311,163,-1
33,5,1044,64,247,150,-1
33,6,944,79,262,160,-1
33,8,762,46,238,108,-1
33,9,663,84,323,180,-1
33,10,1220,32,142,86,-1
33,12,1091,34,122,79,-1
33,13,1046,46,131,84,-1
33,14,368,78,335,166,-1
33,16,493,92,341,161,-1
33,17,1097,106,559,164,-1
33,18,1071,30,129,72,-1
33,20,670,53,266,113,-1
33,22,807,22,110,66,-1
33,23,1042,38,133,83,-1
33,24,1004,25,137,73,-1
33,25,1053,18,76,52,-1
33,26,1006,22,87,56,-1
33,27,583,25,72,58,-1
33,28,739,20,72,46,-1
33,29,965,24,70,49,-1
33,30,767,13,61,43,-1
33,31,892,22,52,42,-1
33,32,1240,19,62,49,-1
33,34,1117,52,223,115,-1
33,35,556,20,76,50,-1
34,1,685,73,323,148,-1
34,2,584,79,315,161,-1
34,3,89,84,430,172,-1
34,4,478,74,312,160,-1
34,5,1051,64,247,150,-1
34,6,949,79,264,160,-1
34,8,760,46,242,110,-1
34,9,657,84,326,180,-1
34,10,1223,32,143,86,-1
34,12,1091,34,122,79,-1
34,13,1046,46,131,84,-1
34,14,368,78,335,166,-1
34,16,490,92,343,161,-1
34,17,1097,106,559,164,-1
34,18,1071,30,129,72,-1
34,20,670,53,266,113,-1
34,22,804,22,111,66,-1
34,23,1049,38,137,83,-1
34,24,1007,25,137,73,-1
34,25,1057,18,76,52,-1
34,26,992,35,93,50,-1
34,27,583,25,72,58,-1
34,28,734,20,72,46,-1
34,29,962,24,73,49,-1
34,30,767,13,61,43,-1
34,31,892,22,52,42,-1
34,32,1240,19,62,49,-1
34,34,1109,52,223,122,-1
34,35,556,20,76,50,-1
35,1,683,73,321,148,-1
35,2,578,79,313,162,-1
35,3,87,84,437,172,-1
35,4,474,74,312,160,-1
35,5,1056,64,249,148,-1
35,6,954,79,265,156,-1
35,8,760,46,242,110,-1
35,9,657,84,326,180,-1
35,10,1228,32,145,86,-1
35,12,1091,34,122,79,-1
35,13,1046,46,131,84,-1
35,14,360,78,336,166,-1
35,16,490,92,343,162,-1
35,17,1097,106,559,164,-1
35,18,1071,30,129,72,-1
35,20,670,53,266,113,-1
35,22,790,31,109,67,-1
35,23,1049,38,137,83,-1
35,24,1002,38,137,73,-1
35,25,1057,18,76,52,-1
35,26,986,35,89,50,-1
35,27,583,25,72,58,-1
35,28,723,31,73,42,-1
35,29,956,29,73,48,-1
35,30,767,13,61,43,-1
35,31,892,22,52,42,-1
35,32,1245,19,59,49,-1
35,34,1098,55,219,122,-1
35,35,556,20,76,50,-1
36,1,670,77,323,148,-1
36,2,572,83,318,156,-1
36,3,75,84,432,170,-1
36,4,467,74,311,175,-1
36,5,1061,64,244,144,-1
36,6,960,79,263,156,-1
36,8,754,46,242,110,-1
36,9,657,84,326,180,-1
36,10,1228,32,145,86,-1
36,12,1091,34,122,79,-1
36,13,1053,38,131,83,-1
36,14,360,78,336,163,-1
36,16,491,83,343,162,-1
36,17,1097,106,559,164,-1
36,18,1071,30,129,72,-1
36,20,670,53,266,113,-1
36,22,786,31,111,67,-1
36,23,1049,38,137,83,-1
36,24,1006,38,137,73,-1
36,25,1063,18,76,52,-1
36,26,994,26,88,54,-1
36,27,583,25,72,58,-1
36,28,716,31,75,42,-1
36,29,952,29,71,48,-1
36,30,773,13,65,43,-1
36,31,892,22,58,42,-1
36,32,1242,23,59,48,-1
36,34,1093,55,226,116,-1
36,35,556,20,76,50,-1
37,1,671,77,321,152,-1
37,2,568,83,319,157,-1
37,3,69,84,435,170,-1
37,4,458,79,312,169,-1
37,5,1055,73,243,142,-1
37,6,966,79,262,152,-1
37,8,754,46,242,110,-1
37,9,649,84,330,176,-1
37,10,1234,32,142,86,-1
37,12,1089,34,119,79,-1
37,13,1060,38,128,83,-1
37,14,360,78,336,163,-1
37,16,490,83,346,162,-1
37,17,1097,106,559,164,-1
37,18,1071,30,129,72,-1
37,20,670,53,266,113,-1
37,22,781,31,114,67,-1
37,23,1073,29,134,83,-1
37,24,1021,26,136,74,-1
37,25,1060,24,76,49,-1
37,26,991,25,88,54,-1
37,27,583,25,72,58,-1
37,28,716,31,75,42,-1
37,29,949,28,73,46,-1
37,30,773,13,65,43,-1
37,31,897,22,55,42,-1
37,32,1254,23,61,48,-1
37,34,1088,55,224,116,-1
37,35,556,20,76,50,-1
38,1,667,77,320,152,-1
38,2,565,79,320,160,-1
38,3,63,84,437,173,-1
38,4,457,79,311,169,-1
38,5,1054,82,243,142,-1
38,6,972,79,261,152,-1
38,8,754,46,242,110,-1
38,9,649,84,330,176,-1
38,10,1238,32,144,86,-1
38,12,1089,34,119,79,-1
38,13,1060,38,128,88,-1
38,14,356,78,342,163,-1
38,16,486,83,347,162,-1
38,17,1097,106,559,164,-1
38,18,1071,30,129,72,-1
38,20,665,53,270,113,-1
38,22,778,29,111,68,-1
38,23,1081,30,132,85,-1
38,24,1022,26,136,74,-1
38,25,1067,24,77,49,-1
38,26,980,25,92,54,-1
38,27,583,25,72,58,-1
38,28,711,24,73,42,-1
38,29,946,28,74,46,-1
38,30,779,13,63,43,-1
38,31,897,22,55,42,-1
38,32,1254,23,61,48,-1
38,34,1082,55,226,116,-1
38,35,556,20,76,50,-1
39,1,662,77,326,152,-1
39,2,559,79,322,160,-1
39,3,48,89,442,168,-1
39,4,451,79,318,169,-1
39,5,1059,82,242,142,-1
39,6,982,67,254,161,-1
39,8,748,46,240,116,-1
39,9,638,83,345,173,-1
39,10,1240,32,141,86,-1
39,12,1089,34,119,79,-1
39,13,1060,38,128,88,-1
39,14,356,78,342,163,-1
39,16,481,83,345,173,-1
39,17,1097,106,559,164,-1
39,18,1071,30,129,72,-1
39,20,660,53,271,113,-1
39,22,776,22,110,68,-1
39,23,1080,43,136,78,-1
39,24,1022,35,140,73,-1
39,25,1067,24,77,49,-1
39,26,974,25,88,54,-1
39,27,583,25,72,58,-1
39,28,711,24,73,42,-1
39,29,946,28,74,46,-1
39,30,785,13,66,43,-1
39,31,897,22,55,42,-1
39,32,1254,23,61,48,-1
39,34,1077,55,225,116,-1
39,35,556,20,76,50,-1
40,1,659,77,329,152,-1
40,2,559,79,322,160,-1
40,3,40,84,442,166,-1
40,4,451,79,318,169,-1
40,5,1064,82,243,139,-1
40,6,984,67,254,152,-1
40,8,748,46,240,116,-1
40,9,636,83,350,173,-1
40,10,1243,32,141,86,-1
40,12,1089,34,119,79,-1
40,13,1060,38,128,88,-1
40,14,355,86,346,163,-1
40,16,477,83,347,173,-1
40,17,1097,106,559,164,-1
40,18,1063,30,129,72,-1
40,20,660,53,271,113,-1
40,22,770,22,109,68,-1
40,23,1089,43,133,78,-1
40,24,1023,40,137,74,-1
40,25,1076,24,78,49,-1
40,26,974,25,88,54,-1
40,27,583,25,72,58,-1
40,28,707,24,74,42,-1
40,29,942,24,72,46,-1
40,30,790,13,63,43,-1
40,31,897,22,55,42,-1
40,32,1254,23,61,48,-1
40,34,1068,55,223,125,-1
40,35,556,20,76,50,-1
41,1,654,77,332,154,-1
41,2,547,79,324,162,-1
41,3,24,90,443,168,-1
41,4,451,79,318,169,-1
41,5,1066,82,242,139,-1
41,6,989,67,255,152,-1
41,8,748,46,240,116,-1
41,9,632,83,351,173,-1
41,10,1243,32,141,86,-1
41,12,1089,34,119,79,-1
41,13,1060,38,129,80,-1
41,14,355,86,345,168,-1
41,16,472,88,351,173,-1
41,17,1097,106,559,164,-1
41,18,1063,30,129,72,-1
41,20,656,53,272,113,-1
41,22,770,22,109,68,-1
41,23,1089,43,137,73,-1
41,24,1028,44,142,71,-1
41,25,1076,24,78,49,-1
41,26,966,32,90,55,-1
41,27,579,25,73,58,-1
41,28,698,34,74,42,-1
41,29,942,22,71,46,-1
41,30,790,13,63,43,-1
41,31,899,22,58,42,-1
41,32,1254,23,61,48,-1
41,34,1061,55,221,136,-1
41,35,556,20,76,50,-1
42,1,651,77,334,154,-1
42,2,544,79,325,162,-1
42,3,2,101,443,168,-1
42,4,453,79,320,173,-1
42,5,1068,82,241,139,-1
42,6,991,67,255,152,-1
42,8,748,46,240,116,-1
42,9,626,83,352,163,-1
42,10,1243,32,141,86,-1
42,12,1084,34,119,79,-1
42,13,1060,38,129,80,-1
42,14,355,86,345,168,-1
42,16,469,88,352,173,-1
42,17,1097,106,559,164,-1
42,18,1063,30,129,72,-1
42,20,656,53,272,113,-1
42,22,751,36,111,70,-1
42,23,1098,34,135,82,-1
42,24,1038,34,142,71,-1
42,25,1083,24,76,49,-1
42,26,961,32,90,55,-1
42,27,579,25,73,58,-1
42,28,690,34,72,42,-1
42,29,938,22,71,46,-1
42,30,790,22,64,49,-1
42,31,899,22,56,42,-1
42,34,1056,55,225,136,-1
42,35,556,20,76,50,-1
43,1,647,77,337,154,-1
43,2,539,79,326,162,-1
43,3,1,96,449,170,-1
43,4,450,79,321,173,-1
43,5,1074,82,240,139,-1
43,6,994,67,257,152,-1
43,8,747,46,247,116,-1
43,9,620,83,349,167,-1
43,10,1247,32,144,86,-1
43,12,1084,34,119,79,-1
43,13,1060,38,129,80,-1
43,14,353,86,347,168,-1
43,16,465,88,357,164,-1
43,17,1097,106,559,164,-1
43,18,1063,30,129,72,-1
43,20,656,53,272,113,-1
43,22,744,36,110,70,-1
43,23,1118,20,135,82,-1
43,24,1046,34,137,71,-1
43,25,1087,24,78,49,-1
43,26,957,32,90,55,-1
43,27,579,25,73,58,-1
43,28,690,34,72,42,-1
43,29,928,30,70,50,-1
43,30,793,22,64,49,-1
43,31,899,22,58,42,-1
43,34,1048,55,228,126,-1
43,35,556,20,76,50,-1
44,1,640,77,333,160,-1
44,2,537,79,326,163,-1
44,3,1,96,451,174,-1
44,4,448,79,322,173,-1
44,5,1087,72,236,146,-1
44,6,996,67,255,152,-1
44,8,747,46,247,116,-1
44,9,620,83,348,169,-1
44,10,1248,32,144,86,-1
44,12,1084,34,119,79,-1
44,13,1068,38,134,82,-1
44,14,353,86,347,168,-1
44,16,465,88,357,164,-1
44,17,1097,106,559,164,-1
44,18,1063,30,129,72,-1
44,20,656,53,272,113,-1
44,22,741,36,112,70,-1
44,23,1125,20,136,82,-1
44,24,1057,34,130,71,-1
44,25,1092,24,78,49,-1
44,26,955,25,93,52,-1
44,27,579,25,73,58,-1
44,28,683,34,73,42,-1
44,29,925,30,69,50,-1
44,30,798,22,69,49,-1
44,31,900,22,57,42,-1
44,34,1043,47,226,122,-1
44,35,556,20,76,50,-1
45,1,628,86,335,164,-1
45,2,534,79,333,158,-1
45,4,443,79,323,168,-1
45,5,1094,66,237,145,-1
45,6,1002,67,253,152,-1
45,8,747,46,247,116,-1
45,9,616,83,347,173,-1
45,10,1249,32,138,86,-1
45,12,1084,34,119,79,-1
45,13,1068,38,134,82,-1
45,14,348,86,350,168,-1
45,16,459,88,360,162,-1
45,17,1097,106,559,164,-1
45,18,1063,30,129,72,-1
45,20,656,53,272,113,-1
45,22,732,36,110,70,-1
45,23,1130,28,138,78,-1
45,24,1057,34,130,71,-1
45,25,1098,24,74,49,-1
45,26,950,25,88,52,-1
45,27,579,25,73,58,-1
45,28,688,20,70,41,-1
45,29,924,26,70,52,-1
45,30,804,22,63,49,-1
45,34,1035,47,226,122,-1
45,35,556,20,76,50,-1
46,1,622,86,337,163,-1
46,2,527,79,335,158,-1
46,4,439,79,322,173,-1
46,5,1096,66,236,145,-1
46,6,1007,64,248,160,-1
46,8,747,46,247,116,-1
46,9,611,83,349,173,-1
46,10,1251,32,140,86,-1
46,12,1084,34,119,79,-1
46,13,1068,38,134,82,-1
46,14,346,86,351,168,-1
46,16,455,88,365,167,-1
46,17,1097,106,559,164,-1
46,18,1056,40,124,72,-1
46,20,647,59,274,113,-1
46,22,735,22,112,65,-1
46,23,1126,40,137,79,-1
46,24,1067,34,141,71,-1
46,25,1098,24,74,49,-1
46,26,946,24,87,58,-1
46,27,579,25,73,58,-1
46,28,684,20,69,41,-1
46,29,923,26,71,52,-1
46,30,804,22,63,49,-1
46,34,1032,47,226,122,-1
46,35,556,20,76,50,-1
47,1,621,77,340,157,-1
47,2,521,91,337,167,-1
47,4,436,79,329,173,-1
47,5,1104,66,230,151,-1
47,6,1013,64,250,160,-1
47,8,742,46,250,116,-1
47,9,604,83,354,173,-1
47,12,1084,34,119,79,-1
47,13,1069,44,133,80,-1
47,14,346,78,353,163,-1
47,16,455,88,364,169,-1
47,17,1097,106,559,164,-1
47,18,1056,40,124,72,-1
47,20,647,59,274,113,-1
47,22,725,31,112,65,-1
47,23,1131,40,136,79,-1
47,24,1067,34,141,71,-1
47,25,1104,18,77,52,-1
47,26,938,30,86,59,-1
47,27,579,25,73,58,-1
47,28,676,20,70,44,-1
47,29,923,22,72,52,-1
47,30,810,22,63,49,-1
47,34,1020,58,232,122,-1
47,35,556,20,76,50,-1
48,1,613,77,340,157,-1
48,2,521,91,337,167,-1
48,4,431,79,333,168,-1
48,5,1107,66,234,146,-1
48,6,1019,64,249,157,-1
48,8,742,46,249,122,-1
48,9,599,83,358,173,-1
48,12,1083,34,118,79,-1
48,13,1076,40,134,83,-1
48,14,344,77,358,170,-1
48,16,444,88,366,168,-1
48,17,1097,106,559,164,-1
48,18,1056,40,124,72,-1
48,20,647,59,274,113,-1
48,22,716,40,113,65,-1
48,23,1136,40,135,79,-1
48,24,1067,34,141,71,-1
48,25,1108,18,73,54,-1
48,26,933,30,89,59,-1
48,27,579,25,73,58,-1
48,28,676,20,70,44,-1
48,29,915,24,73,46,-1
48,30,810,22,63,49,-1
48,34,1016,55,231,120,-1
48,35,556,20,76,50,-1
49,1,607,77,334,157,-1
49,2,513,91,337,173,-1
49,4,423,79,333,168,-1
49,5,1109,66,233,146,-1
49,6,1027,64,251,152,-1
49,8,739,46,252,122,-1
49,9,590,83,357,173,-1
49,12,1077,34,119,79,-1
49,13,1072,48,134,83,-1
49,14,343,77,360,170,-1
49,16,444,88,366,168,-1
49,17,1097,106,559,164,-1
49,18,1052,40,125,72,-1
49,20,643,59,276,113,-1
49,22,717,30,112,66,-1
49,23,1145,32,133,83,-1
49,24,1082,34,139,71,-1
49,25,1108,26,76,53,-1
49,26,930,30,86,59,-1
49,27,579,25,73,58,-1
49,28,666,32,70,44,-1
49,29,911,25,63,59,-1
49,30,816,22,67,49,-1
49,34,1010,55,235,120,-1
49,35,556,20,76,50,-1
50,1,605,77,338,168,-1
50,2,514,84,337,173,-1
50,4,419,79,333,169,-1
50,5,1104,76,232,146,-1
50,6,1031,64,247,152,-1
50,8,733,46,251,124,-1
50,9,590,83,357,173,-1
50,12,1077,34,119,79,-1
50,13,1072,48,134,84,-1
50,14,342,71,361,170,-1
50,16,444,85,366,168,-1
50,17,1097,106,563,160,-1
50,18,1052,40,125,72,-1
50,20,640,59,276,125,-1
50,22,714,30,113,66,-1
50,23,1144,42,134,79,-1
50,24,1093,34,143,71,-1
50,25,1108,26,76,53,-1
50,26,930,24,87,56,-1
50,27,579,25,73,58,-1
50,28,661,32,72,44,-1
50,29,901,36,63,59,-1
50,30,818,22,64,49,-1
50,34,1004,55,229,138,-1
50,35,556,20,76,50,-1
51,1,599,77,337,168,-1
51,2,511,84,338,173,-1
51,4,416,79,333,169,-1
51,5,1108,76,231,143,-1
51,6,1038,64,246,152,-1
51,8,733,46,251,124,-1
51,9,586,83,361,175,-1
51,12,1077,34,119,79,-1
51,13,1073,47,134,84,-1
51,14,336,71,361,170,-1
51,16,444,85,366,168,-1
51,17,1097,106,563,160,-1
51,18,1057,31,125,72,-1
51,20,635,59,278,125,-1
51,22,710,22,112,70,-1
51,23,1166,26,132,85,-1
51,24,1107,29,140,71,-1
51,25,1110,26,79,49,-1
51,26,924,24,86,56,-1
51,27,579,25,73,58,-1
51,28,661,32,72,44,-1
51,29,900,29,70,52,-1
51,30,821,22,65,49,-1
51,34,998,55,230,127,-1
51,35,556,20,76,50,-1
52,1,596,77,340,168,-1
52,2,502,84,339,167,-1
52,4,408,79,332,168,-1
52,5,1108,76,231,143,-1
52,6,1038,64,246,152,-1
52,8,728,46,252,124,-1
52,9,586,83,356,180,-1
52,12,1075,34,117,79,-1
52,13,1080,47,136,84,-1
52,14,331,71,361,169,-1
52,16,432,85,368,168,-1
52,17,1097,106,563,160,-1
52,18,1054,31,123,72,-1
52,20,635,59,278,125,-1
52,22,706,22,112,70,-1
52,23,1171,29,136,82,-1
52,24,1093,50,139,77,-1
52,25,1114,26,76,49,-1
52,26,918,24,92,56,-1
52,27,579,25,73,58,-1
52,28,656,16,68,46,-1
52,29,897,29,70,52,-1
52,30,827,22,67,49,-1
52,34,989,55,233,127,-1
52,35,556,20,76,50,-1
53,1,592,77,345,172,-1
53,2,500,84,339,167,-1
53,4,408,79,332,168,-1
53,5,1108,76,233,128,-1
53,6,1046,64,245,152,-1
53,8,728,46,252,124,-1
53,9,581,83,357,180,-1
53,12,1075,34,117,79,-1
53,13,1080,47,137,79,-1
53,14,328,71,361,169,-1
53,16,428,85,372,174,-1
53,17,1097,106,563,160,-1
53,18,1054,31,123,72,-1
53,20,632,59,282,125,-1
53,22,693,30,115,62,-1
53,23,1176,29,131,82,-1
53,24,1095,50,141,77,-1
53,25,1116,25,77,53,-1
53,26,911,29,91,53,-1
53,27,579,25,73,58,-1
53,28,656,16,68,46,-1
53,29,893,29,71,52,-1
53,30,827,22,67,49,-1
53,34,986,55,237,127,-1
53,35,556,20,76,50,-1
54,1,590,77,348,172,-1
54,2,494,84,339,168,-1
54,4,405,79,336,180,-1
54,5,1113,76,235,133,-1
54,6,1050,64,244,152,-1
54,8,723,46,254,116,-1
54,9,573,83,363,180,-1
54,12,1075,34,117,79,-1
54,13,1084,47,140,79,-1
54,14,328,71,363,169,-1
54,16,428,85,372,172,-1
54,17,1097,106,563,160,-1
54,18,1054,31,123,72,-1
54,20,632,59,282,125,-1
54,22,689,30,113,62,-1
54,23,1172,41,135,80,-1
54,24,1102,50,139,77,-1
54,25,1127,18,77,50,-1
54,26,907,29,90,53,-1
54,27,579,25,73,58,-1
54,28,649,22,71,43,-1
54,29,895,23,73,47,-1
54,30,835,22,65,49,-1
54,34,975,56,232,132,-1
54,35,556,20,76,50,-1
55,1,585,77,349,172,-1
55,2,488,84,342,168,-1
55,4,405,79,336,180,-1
55,5,1119,76,229,137,-1
55,6,1054,64,243,152,-1
55,8,723,46,254,116,-1
55,9,569,83,367,174,-1
55,12,1075,34,117,79,-1
55,13,1084,47,140,79,-1
55,14,322,86,366,169,-1
55,16,421,85,377,172,-1
55,17,1097,106,563,160,-1
55,18,1054,31,123,72,-1
55,20,630,59,284,125,-1
55,22,683,30,114,62,-1
55,23,1177,41,135,80,-1
55,24,1130,25,139,74,-1
55,25,1133,19,80,50,-1
55,26,902,29,89,53,-1
55,27,579,25,73,58,-1
55,28,647,22,72,43,-1
55,29,895,23,73,47,-1
55,30,835,22,65,49,-1
55,34,972,55,235,132,-1
55,35,556,20,76,50,-1
56,1,577,77,344,172,-1
56,2,483,84,342,168,-1
56,4,405,79,336,182,-1
56,5,1133,66,226,137,-1
56,6,1061,64,241,152,-1
56,8,723,46,254,116,-1
56,9,562,83,365,174,-1
56,12,1075,34,117,79,-1
56,13,1092,47,134,89,-1
56,14,320,86,370,169,-1
56,16,410,85,382,169,-1
56,17,1097,106,563,160,-1
56,18,1054,31,123,72,-1
56,20,626,59,286,125,-1
56,22,677,30,113,62,-1
56,23,1185,28,132,82,-1
56,24,1135,25,140,73,-1
56,25,1133,19,80,50,-1
56,26,902,29,89,53,-1
56,27,579,25,73,58,-1
56,28,647,22,72,43,-1
56,29,890,23,71,47,-1
56,30,842,22,66,49,-1
56,34,965,55,233,130,-1
56,35,556,20,76,50,-1
57,1,577,73,347,178,-1
57,2,483,84,342,168,-1
57,4,399,79,340,182,-1
57,5,1133,66,226,137,-1
57,6,1064,64,245,148,-1
57,8,721,46,256,116,-1
57,9,554,83,362,179,-1
57,12,1075,34,117,79,-1
57,13,1102,37,138,89,-1
57,14,321,86,372,169,-1
57,16,407,85,383,170,-1
57,17,1097,106,563,160,-1
57,18,1054,31,123,72,-1
57,20,626,59,286,124,-1
57,22,671,30,110,62,-1
57,23,1189,28,132,82,-1
57,24,1138,35,142,71,-1
57,25,1138,19,78,50,-1
57,26,894,28,87,56,-1
57,27,579,25,73,58,-1
57,28,638,22,73,43,-1
57,29,890,23,71,47,-1
57,30,842,22,66,49,-1
57,34,962,55,240,130,-1
57,35,556,20,76,50,-1
58,1,572,73,349,178,-1
58,2,476,84,343,168,-1
58,4,394,79,343,180,-1
58,5,1134,66,227,137,-1
58,6,1066,64,243,148,-1
58,8,722,46,256,116,-1
58,9,547,83,368,179,-1
58,12,1074,34,114,79,-1
58,13,1106,37,138,89,-1
58,14,315,86,369,169,-1
58,16,399,85,379,176,-1
58,17,1097,106,563,160,-1
58,18,1050,34,118,72,-1
58,20,625,59,287,130,-1
58,22,667,30,113,62,-1
58,23,1194,28,131,82,-1
58,24,1144,35,142,71,-1
58,25,1137,28,76,54,-1
58,26,894,28,87,56,-1
58,27,579,25,73,58,-1
58,28,638,22,73,43,-1
58,29,876,29,72,48,-1
58,30,846,22,65,49,-1
58,34,957,64,241,128,-1
58,35,556,20,76,50,-1
58,36,1231,42,210,106,-1
59,1,566,74,359,158,-1
59,2,469,84,348,170,-1
59,4,388,79,342,180,-1
59,5,1138,66,227,132,-1
59,6,1072,64,238,148,-1
59,8,716,46,256,116,-1
59,9,542,83,373,180,-1
59,12,1074,34,114,79,-1
59,13,1108,37,138,85,-1
59,14,309,86,370,172,-1
59,16,396,85,381,176,-1
59,17,1097,106,563,160,-1
59,18,1050,34,118,72,-1
59,20,625,59,287,130,-1
59,22,659,30,114,62,-1
59,23,1204,24,132,86,-1
59,24,1149,35,142,71,-1
59,25,1144,25,77,54,-1
59,26,888,28,88,56,-1
59,27,579,25,73,58,-1
59,28,624,22,69,46,-1
59,29,873,29,72,48,-1
59,30,851,22,65,49,-1
59,34,953,64,239,128,-1
59,35,556,20,76,50,-1
59,36,1222,50,211,106,-1
60,1,557,74,360,158,-1
60,2,469,84,349,167,-1
60,4,382,79,342,180,-1
60,5,1144,65,227,132,-1
60,6,1072,64,238,148,-1
60,8,716,46,255,121,-1
60,9,530,83,372,186,-1
60,12,1074,34,114,79,-1
60,13,1113,37,140,85,-1
60,14,306,83,374,174,-1
60,16,396,85,381,176,-1
60,17,1097,106,563,160,-1
60,18,1050,34,118,72,-1
60,20,621,59,289,134,-1
60,22,659,30,114,62,-1
60,23,1203,38,132,86,-1
60,24,1158,30,137,72,-1
60,25,1144,25,77,54,-1
60,26,882,25,87,56,-1
60,27,579,25,73,58,-1
60,28,624,22,69,46,-1
60,29,873,29,72,48,-1
60,30,855,22,66,49,-1
60,34,951,64,241,128,-1
60,35,556,20,76,50,-1
60,36,1217,50,210,106,-1
61,1,550,74,356,158,-1
61,2,465,84,352,167,-1
61,4,376,79,346,180,-1
61,5,1143,68,221,132,-1
61,6,1076,68,239,148,-1
61,8,716,46,255,125,-1
61,9,523,83,376,186,-1
61,12,1074,34,114,79,-1
61,13,1113,37,139,86,-1
61,14,301,83,373,176,-1
61,16,386,85,387,176,-1
61,17,1097,106,563,160,-1
61,18,1050,34,118,72,-1
61,20,621,59,289,134,-1
61,22,650,30,115,62,-1
61,23,1206,38,133,86,-1
61,24,1164,30,138,72,-1
61,25,1152,19,77,58,-1
61,26,878,25,89,56,-1
61,27,579,25,73,58,-1
61,28,624,22,69,46,-1
61,29,854,29,73,48,-1
61,30,855,22,66,49,-1
61,34,947,64,237,128,-1
61,35,556,20,76,50,-1
61,36,1214,47,211,106,-1
62,1,545,76,353,158,-1
62,2,465,84,352,167,-1
62,4,374,79,346,180,-1
62,5,1143,68,221,132,-1
62,6,1082,68,238,148,-1
62,8,714,46,257,125,-1
62,9,516,83,375,184,-1
62,12,1074,34,114,79,-1
62,13,1121,37,139,90,-1
62,14,297,83,375,176,-1
62,16,386,76,389,176,-1
62,17,1097,106,563,160,-1
62,18,1050,34,118,72,-1
62,20,620,59,290,134,-1
62,22,648,24,111,67,-1
62,23,1213,38,133,85,-1
62,24,1170,25,140,73,-1
62,25,1155,19,75,58,-1
62,26,874,25,88,56,-1
62,27,579,25,73,58,-1
62,28,614,22,74,46,-1
62,29,854,29,73,48,-1
62,30,855,22,66,49,-1
62,34,941,56,238,134,-1
62,35,556,20,76,50,-1
62,36,1204,49,209,106,-1
63,1,538,83,359,167,-1
63,2,458,84,351,167,-1
63,4,360,79,350,180,-1
63,5,1145,68,221,132,-1
63,6,1088,68,240,148,-1
63,8,708,46,258,125,-1
63,9,507,83,373,184,-1
63,12,1069,34,116,79,-1
63,13,1120,46,139,90,-1
63,14,289,83,379,173,-1
63,16,380,76,395,176,-1
63,17,1097,106,563,160,-1
63,18,1043,42,118,72,-1
63,20,619,59,290,134,-1
63,22,643,22,110,71,-1
63,23,1218,38,133,85,-1
63,24,1179,28,138,73,-1
63,25,1155,29,77,52,-1
63,26,874,25,88,56,-1
63,27,579,25,73,58,-1
63,28,614,22,74,46,-1
63,30,854,29,73,48,-1
63,29,861,22,76,49,-1
63,34,933,56,242,134,-1
63,35,556,20,76,50,-1
63,36,1187,55,210,108,-1
64,1,533,83,353,178,-1
64,2,452,84,353,173,-1
64,4,354,79,354,180,-1
64,5,1147,68,222,132,-1
64,6,1091,68,239,148,-1
64,8,708,46,258,125,-1
64,9,499,83,376,185,-1
64,12,1070,34,113,79,-1
64,13,1120,46,138,92,-1
64,14,287,76,382,175,-1
64,16,375,67,398,176,-1
64,17,1097,106,563,160,-1
64,18,1034,52,118,72,-1
64,20,617,59,286,139,-1
64,22,636,22,110,71,-1
64,23,1229,22,134,83,-1
64,24,1172,38,142,73,-1
64,25,1155,29,77,52,-1
64,26,869,22,92,44,-1
64,27,579,25,74,56,-1
64,28,605,28,79,34,-1
64,30,854,29,73,48,-1
64,29,865,22,81,49,-1
64,34,929,56,242,137,-1
64,35,556,20,76,50,-1
64,36,1179,55,215,103,-1
65,1,522,94,364,178,-1
65,2,449,84,356,174,-1
65,4,346,79,360,180,-1
65,5,1147,68,223,127,-1
65,6,1099,65,235,143,-1
65,8,704,46,262,125,-1
65,9,490,88,379,185,-1
65,12,1070,34,113,79,-1
65,13,1123,46,142,92,-1
65,14,287,73,382,175,-1
65,16,363,67,398,176,-1
65,17,1097,106,563,160,-1
65,18,1032,53,118,72,-1
65,20,611,59,291,134,-1
65,22,624,34,111,67,-1
65,23,1234,22,136,83,-1
65,24,1177,38,143,73,-1
65,25,1163,29,79,52,-1
65,26,863,22,96,44,-1
65,27,579,25,74,56,-1
65,28,602,28,74,34,-1
65,29,850,29,78,48,-1
65,30,864,22,97,49,-1
65,34,927,56,245,137,-1
65,35,556,20,76,50,-1
65,36,1172,55,210,103,-1
66,1,522,94,368,172,-1
66,2,444,84,356,181,-1
66,4,339,79,360,185,-1
66,5,1153,68,222,127,-1
66,6,1099,65,233,143,-1
66,8,699,46,261,125,-1
66,9,482,83,378,180,-1
66,12,1070,34,113,79,-1
66,13,1128,46,143,85,-1
66,14,275,74,383,175,-1
66,16,356,73,402,178,-1
66,17,1097,106,563,160,-1
66,18,1032,53,118,72,-1
66,20,611,59,291,134,-1
66,22,621,34,111,67,-1
66,23,1241,24,134,85,-1
66,24,1184,38,144,73,-1
66,25,1166,29,80,52,-1
66,29,847,22,78,44,-1
66,27,579,25,74,56,-1
66,28,596,20,73,44,-1
66,30,869,32,70,46,-1
66,26,859,22,91,49,-1
66,34,927,56,245,137,-1
66,35,556,20,76,50,-1
66,36,1165,55,211,103,-1
67,1,515,94,368,172,-1
67,2,436,84,358,181,-1
67,4,339,79,360,185,-1
67,5,1154,68,221,134,-1
67,6,1102,65,230,143,-1
67,8,699,46,261,125,-1
67,9,472,83,383,180,-1
67,12,1070,34,113,79,-1
67,13,1128,46,143,85,-1
67,14,268,74,386,176,-1
67,16,347,78,401,168,-1
67,17,1097,106,563,160,-1
67,18,1020,66,118,72,-1
67,20,608,59,292,134,-1
67,22,611,34,118,67,-1
67,23,1247,24,137,85,-1
67,24,1203,26,141,72,-1
67,25,1171,25,73,55,-1
67,29,851,29,94,52,-1
67,27,579,25,74,56,-1
67,28,596,20,73,44,-1
67,30,871,32,69,46,-1
67,26,859,22,91,49,-1
67,34,916,71,242,133,-1
67,35,556,20,76,50,-1
67,36,1159,55,213,103,-1
68,1,517,94,374,172,-1
68,2,429,84,361,181,-1
68,4,331,74,363,185,-1
68,5,1157,68,220,134,-1
68,6,1108,65,231,143,-1
68,8,697,46,265,125,-1
68,9,465,83,386,178,-1
68,12,1070,34,113,79,-1
68,13,1133,46,139,91,-1
68,14,268,74,385,181,-1
68,16,338,78,402,168,-1
68,17,1097,106,563,160,-1
68,18,1020,66,118,72,-1
68,20,605,59,296,134,-1
68,22,607,34,113,67,-1
68,23,1255,24,135,85,-1
68,24,1208,26,139,72,-1
68,25,1171,25,77,55,-1
68,29,841,29,95,52,-1
68,27,581,25,75,56,-1
68,28,596,20,73,44,-1
68,30,879,29,66,53,-1
68,26,845,22,74,49,-1
68,34,918,71,246,133,-1
68,35,556,20,76,50,-1
68,36,1154,55,213,103,-1
69,1,509,85,371,179,-1
69,2,428,77,362,181,-1
69,4,331,74,363,185,-1
69,5,1158,68,219,134,-1
69,6,1107,65,233,143,-1
69,8,697,46,265,125,-1
69,9,461,83,386,184,-1
69,12,1070,34,113,79,-1
69,13,1136,46,138,92,-1
69,14,269,71,388,181,-1
69,16,338,67,407,164,-1
69,17,1097,106,563,160,-1
69,18,1020,66,118,72,-1
69,20,605,59,296,132,-1
69,22,609,23,110,72,-1
69,24,1213,31,145,70,-1
69,25,1172,25,77,55,-1
69,29,841,29,95,52,-1
69,27,581,25,75,56,-1
69,30,879,29,66,53,-1
69,26,845,22,74,49,-1
69,34,910,77,252,127,-1
69,35,556,20,76,50,-1
69,36,1163,38,209,103,-1
70,1,506,85,367,184,-1
70,2,417,77,365,173,-1
70,4,331,74,363,185,-1
70,5,1164,68,218,130,-1
70,6,1109,70,233,143,-1
70,8,692,52,264,136,-1
70,9,452,83,386,187,-1
70,12,1070,34,113,79,-1
70,13,1140,38,138,92,-1
70,14,262,71,389,181,-1
70,16,327,82,407,176,-1
70,17,1097,106,563,160,-1
70,18,1020,66,118,72,-1
70,20,605,59,296,132,-1
70,22,601,24,113,67,-1
70,24,1210,38,144,70,-1
70,25,1185,24,78,53,-1
70,29,835,25,99,42,-1
70,27,581,25,75,56,-1
70,30,886,29,63,53,-1
70,26,836,31,75,49,-1
70,34,906,77,250,127,-1
70,35,556,20,76,50,-1
70,36,1163,38,209,103,-1
71,1,501,85,367,174,-1
71,2,409,77,366,173,-1
71,4,314,90,366,185,-1
71,5,1167,68,216,130,-1
71,6,1113,65,230,144,-1
71,8,688,52,269,136,-1
71,9,439,83,386,179,-1
71,12,1070,34,113,79,-1
71,13,1147,38,142,89,-1
71,14,264,71,392,182,-1
71,16,320,82,408,176,-1
71,17,1097,106,563,160,-1
71,18,1020,66,118,72,-1
71,20,603,59,300,132,-1
71,22,597,24,115,67,-1
71,24,1218,38,147,70,-1
71,25,1189,24,77,53,-1
71,29,835,25,99,42,-1
71,27,581,25,75,56,-1
71,30,889,29,67,53,-1
71,26,831,31,71,49,-1
71,34,901,77,250,131,-1
71,35,556,20,76,50,-1
71,36,1152,38,212,103,-1
72,1,501,85,367,174,-1
72,2,409,77,366,173,-1
72,4,311,90,368,185,-1
72,5,1168,68,217,130,-1
72,6,1116,65,230,144,-1
72,8,688,52,269,136,-1
72,9,434,83,387,188,-1
72,12,1070,34,113,79,-1
72,13,1147,38,142,89,-1
72,14,257,62,391,184,-1
72,16,287,92,410,167,-1
72,17,1097,106,563,160,-1
72,18,1020,66,118,72,-1
72,20,603,59,300,132,-1
72,22,589,37,114,62,-1
72,24,1222,38,144,72,-1
72,25,1189,24,77,53,-1
72,29,828,26,96,44,-1
72,27,581,25,75,56,-1
72,30,889,29,67,53,-1
72,26,831,31,71,49,-1
72,34,901,77,250,131,-1
72,35,556,20,76,50,-1
72,36,1140,44,218,103,-1
73,1,491,85,371,173,-1
73,2,397,77,366,173,-1
73,4,310,90,366,185,-1
73,5,1169,68,213,130,-1
73,6,1119,65,231,144,-1
73,8,688,52,269,136,-1
73,9,427,83,394,188,-1
73,12,1070,34,113,79,-1
73,13,1147,47,144,89,-1
73,14,257,62,391,184,-1
73,16,300,67,405,188,-1
73,17,1097,106,563,160,-1
73,18,1020,66,118,72,-1
73,20,598,59,298,132,-1
73,22,586,30,112,64,-1
73,24,1225,38,141,72,-1
73,25,1195,24,78,53,-1
73,29,823,30,93,50,-1
73,27,581,25,75,56,-1
73,30,895,29,68,49,-1
73,26,831,31,71,49,-1
73,34,899,67,248,144,-1
73,35,556,20,76,50,-1
73,36,1141,41,218,103,-1
74,1,489,85,378,173,-1
74,2,393,77,367,173,-1
74,4,307,90,370,184,-1
74,5,1169,68,213,130,-1
74,6,1119,65,231,144,-1
74,8,688,52,269,136,-1
74,9,416,83,395,188,-1
74,12,1070,34,113,79,-1
74,13,1157,47,143,89,-1
74,14,250,62,391,184,-1
74,16,290,67,410,188,-1
74,17,1097,106,563,160,-1
74,18,1020,66,118,72,-1
74,20,598,59,298,132,-1
74,22,586,30,112,64,-1
74,24,1247,23,139,76,-1
74,25,1197,24,75,53,-1
74,29,818,30,90,50,-1
74,27,581,25,75,56,-1
74,30,900,29,70,49,-1
74,26,822,31,74,49,-1
74,34,899,66,248,142,-1
74,35,556,20,76,50,-1
74,36,1131,41,214,103,-1
75,1,487,76,384,167,-1
75,2,393,77,367,173,-1
75,4,301,90,369,184,-1
75,5,1169,68,213,130,-1
75,6,1122,65,230,144,-1
75,8,688,52,269,136,-1
75,9,410,83,396,178,-1
75,12,1070,34,113,79,-1
75,13,1160,47,141,92,-1
75,14,245,62,392,179,-1
75,16,279,67,409,188,-1
75,17,1097,106,563,160,-1
75,18,1020,66,118,72,-1
75,20,598,59,297,142,-1
75,22,576,22,115,67,-1
75,24,1245,31,143,72,-1
75,25,1202,22,80,52,-1
75,29,818,30,90,50,-1
75,27,581,25,75,56,-1
75,30,900,29,70,49,-1
75,26,822,31,73,53,-1
75,34,893,66,251,143,-1
75,35,556,20,76,50,-1
75,36,1112,54,217,103,-1
76,1,484,76,383,168,-1
76,2,386,77,372,173,-1
76,4,297,90,374,184,-1
76,5,1173,68,213,130,-1
76,6,1131,58,230,142,-1
76,8,682,52,271,136,-1
76,9,404,83,400,178,-1
76,12,1070,34,113,79,-1
76,13,1164,49,141,92,-1
76,14,237,67,398,181,-1
76,16,281,66,419,187,-1
76,17,1097,106,563,160,-1
76,18,1020,66,118,72,-1
76,20,593,59,303,137,-1
76,22,566,32,115,64,-1
76,24,1249,31,144,72,-1
76,25,1202,22,80,52,-1
76,29,813,29,87,54,-1
76,27,581,25,75,56,-1
76,30,907,29,66,49,-1
76,26,822,31,73,53,-1
76,34,893,65,256,143,-1
76,35,556,20,76,50,-1
76,36,1105,54,214,104,-1
77,13,1165,49,143,91,-1
77,14,230,67,400,181,-1
77,16,276,66,420,187,-1
77,17,1097,106,563,160,-1
77,18,1017,66,115,72,-1
77,20,593,59,303,137,-1
77,22,560,32,116,64,-1
77,25,1213,23,75,55,-1
77,29,810,22,86,55,-1
77,27,581,25,75,56,-1
77,30,907,29,66,49,-1
77,26,816,31,72,53,-1
77,34,889,65,255,140,-1
77,35,556,20,76,50,-1
77,36,1090,64,218,104,-1
78,1,469,96,382,178,-1
78,2,378,77,376,173,-1
78,4,281,90,372,180,-1
78,5,1178,68,210,131,-1
78,6,1138,58,225,134,-1
78,8,667,64,274,136,-1
78,9,387,79,404,180,-1
78,12,1067,34,107,79,-1
78,13,1172,49,145,91,-1
78,14,220,67,402,181,-1
78,16,263,66,421,187,-1
78,17,1097,106,563,160,-1
78,18,1017,66,115,72,-1
78,20,587,59,309,137,-1
78,22,554,37,116,64,-1
78,25,1217,23,77,55,-1
78,29,802,22,86,55,-1
78,27,581,25,75,56,-1
78,30,917,25,66,52,-1
78,26,815,32,73,50,-1
78,34,884,65,256,139,-1
78,35,556,20,76,50,-1
78,36,1090,62,218,109,-1
79,1,449,114,384,172,-1
79,2,370,77,376,173,-1
79,4,265,95,379,162,-1
79,5,1179,68,211,130,-1
79,6,1141,58,223,134,-1
79,8,667,64,275,127,-1
79,9,374,79,405,180,-1
79,12,1067,34,107,79,-1
79,13,1173,49,145,91,-1
79,14,210,67,402,181,-1
79,16,255,66,423,187,-1
79,17,1097,106,563,160,-1
79,18,1017,66,115,72,-1
79,20,587,59,309,137,-1
79,22,554,26,113,65,-1
79,25,1221,23,78,55,-1
79,29,798,25,86,59,-1
79,27,581,25,75,56,-1
79,30,917,25,66,52,-1
79,26,815,32,73,50,-1
79,34,884,66,256,139,-1
79,35,556,20,76,50,-1
79,36,1082,62,219,109,-1
